AverageMSE: 652.1365176263375
MSS: 1163.595264342206
MeanEntropy: 0.9455009041135922
Accuracy: 0.7173066221480244
Cluster class labels: [2, 0, 3, 8, 9, 6, 7, 1, 7, 4]
Confusion Matrix:
[176   0   0   0   2   0   0   0   0   0]
[ 0 77 21  1  0  0  4  1 78  0]
[  1   5 150   6   0   0   0   4  10   1]
[  0   0   1 157   0   0   0   7   9   9]
[  0   5   0   0 142   0   0  27   7   0]
[ 0  0  0  0  1  0  1  6 91 83]
[  0   1   0   0   1   0 175   0   2   2]
[  0   0   0   0   0   0   0 176   3   0]
[  0  15   1   4   0   0   2   9 109  34]
[  0   2   0   9   0   0   0  28   5 136]