AverageMSE: 644.2658191221585
MSS: 1192.87294944658
MeanEntropy: 0.9411981206441193
Accuracy: 0.7273233166388425
Cluster class labels: [1, 2, 3, 5, 7, 7, 4, 8, 0, 6]
Confusion Matrix:
[176   0   0   0   2   0   0   0   0   0]
[ 0 61 21  1  0  0  4  0 95  0]
[  1   2 150   8   0   0   0   3  13   0]
[  0   0   0 165   0   1   0   9   8   0]
[  0   4   0   0 144   0   0  26   7   0]
[  0   0   0  31   1 147   1   2   0   0]
[  1   1   0   0   1   0 176   0   2   0]
[  0   0   0   0   0   0   0 176   3   0]
[  0   7   1  31   0   2   2  10 121   0]
[  0   3   0 145   0   3   0  27   2   0]