AverageMSE: 647.3886660764505
MSS: 1137.1474815542606
MeanEntropy: 0.802614789075254
Accuracy: 0.7907623817473567
Cluster class labels: [1, 0, 6, 4, 3, 2, 7, 8, 1, 5]
Confusion Matrix:
[176   0   0   0   2   0   0   0   0   0]
[  0 156  21   1   0   1   3   0   0   0]
[  1   4 149   9   0   0   0   4  10   0]
[  0   1   0 162   0   2   0  10   8   0]
[  0  10   0   0 159   0   0   7   5   0]
[  0   1   0  31   1 148   1   0   0   0]
[  1   4   0   0   0   0 175   0   1   0]
[  0   8   0   0   1   1   0 166   3   0]
[  0  29   1  10   0   2   1   1 130   0]
[  0  24   0 145   0   4   0   4   3   0]