AverageMSE: 643.737214697591
MSS: 1172.1925342925265
MeanEntropy: 0.9715052940059584
Accuracy: 0.7451307735114079
Cluster class labels: [4, 0, 2, 1, 6, 8, 5, 7, 3, 2]
Confusion Matrix:
[176   0   0   0   2   0   0   0   0   0]
[ 0 58 23  1  0  0  2  0 98  0]
[  1   1 161   0   0   0   0   2  12   0]
[  0   0   2 163   0   1   0   9   8   0]
[  0   5   0   0 162   0   0   6   8   0]
[  0   1   0  26   1 153   1   0   0   0]
[  1   0   0   0   1   0 176   0   3   0]
[  0   5   0   0   1   4   0 166   3   0]
[  1   8   1  34   0   3   2   1 124   0]
[  0  23   0 145   0   6   0   5   1   0]