AverageMSE: 647.4803136685997
MSS: 1136.7949250248118
MeanEntropy: 0.8122926371917503
Accuracy: 0.7896494156928213
Cluster class labels: [7, 1, 8, 0, 3, 2, 6, 1, 4, 5]
Confusion Matrix:
[176   0   0   0   2   0   0   0   0   0]
[  0 156  21   1   0   1   3   0   0   0]
[  1   5 148   9   0   0   0   4  10   0]
[  0   1   0 162   0   2   0  10   8   0]
[  0  12   0   0 158   0   0   7   4   0]
[  0   1   0  31   1 148   1   0   0   0]
[  1   4   0   0   0   0 175   0   1   0]
[  0   8   0   0   1   1   0 165   4   0]
[  0  28   1  10   0   2   1   1 131   0]
[  0  24   0 145   0   4   0   4   3   0]